, 1
, 2
, 4
, 8
, 16
, 32
, 64
, 128
, 259
, 519
, 1038
, 2076
, 4152
, 8304
, 16608
, 32960
, 66307
, 132871
, 265742
, 531484
, 1062968
, 2125936
, 4251872
, 8437952
, 16974595
, 34014983
, 68029966
, 136059932
, 272119864
, 544239728
, 1088479456
, 2160115904
, 4345496323
, 8707835655
, 17415671310
, 34831342620
, 69662685240
, 139325370480
, 278650740960
, 552989671616
, 1112447058691
, 2229205927687
, 4458411855374
, 8916823710748
, 17833647421496
, 35667294842992
, 71334589685984
, 141565355933888
, 284786447024899
, 570676717487879
, 1141353434975758
, 2282706869951516
, 4565413739903032
, 9130827479806064
, 18261654959612128
, 36240731119075520
, 72905330438374147
, 146093239676897031
, 292186479353794062
, 584372958707588124
, 1168745917415176248
, 2337491834830352496
, 4674983669660704992
, 9277627166483333312
